P1-R01	204867554711188810201108,880,437,248,5512,212,1115,811,234,9989,
P1-R02	5528,275,5540,7759,1102,004,880,246,1107,066,068,442,011,028,025,0
P1-R03	09,694,400,210,3323,629,446,7750,068,262,423,666,3340,5584,004,
P1-R04	5549,7760,007,428,222,448,049,1127,832,405,1101,1158,020,9961,5
P1-R05	521,5540,1127,005,3395, 613, 663,643,3337,768,5512,1195,1157,460,3
P1-R06	365,042,5549,662,446,7718,7773,3375,661,049,1127,832,020,847,111
P2-R01	301335400041163,832,070,5564,3315,655,7775,217,1165,1104,5567,0
P2-R02	85,070,008,832,232,5547,655,1102,042,5540,090,010,775,025,11
P2-R03	63,7799,001,099,5592,7760,880,5584,2203,3362,667,9931,5582,7723,
P2-R04	1157460,3363,3331,2230,0,3368,1107,832,446,013,681,017,1158,437
P2-R05	040,020,9919,5512,613,832,042,676,226,007,013,897,042,832,494,00
P2-R06	2,220,021,409,7752,899,085,7784,420,805,216,880,7770,1162,7749,
P2-R07	880,1118,070,872,5547,7770,025,460090.666.7777,9903,830,873,886,
P2-R08	7760,482,1166,996,300,8831,5512,613,3391,244,830,889,020,5566,3
P2-R09	375,655,7775,1144,7762,5512,1118,832,7700,1140,440,698,5540,1109,
P2-R10	7766,040,231,482,676,070,623,077,217,1165,1104,655,085,670,647,837,446,
P2-R11	414,640,211,482,070,1119,054,022,445,5547,1118,881,1115,646,1189,777
P2-R12	5,068,889,206,7799,043,667,275,613,409,662,446,013,7727,400,297,
P2-R13	005,219,9931,645,1116,3370,226,211,3375,460,220,267,7773,021,05
P2-R14	8,7740,3348,206,001,667664,7720,868,5537,1113,5519,836,1100,65
P2-R15	4,1115,3392,266,230,5553,7701,5575,1127,662,880,9973,617,022,070,
P2-R16	250,2699911,5557,026,613,7727,7773,657,022,708,079,666,013,02
P2-R17	9,007,868,1176,1105,11021165005025020,040,030,830,085,880,111,
P2-R18	9262,7725,5512,015,224,7775,3312,7717,1118,7772,9995,244,556
P2-R19	8,061,219,9931,645,1146,473,226,819,269,014,030,698,7755,835,03
P2-R20	8,202,220,867,3349,5528,7740,622,706,072,7773,042,087,233,831,
P2-R21	1113,099,1155,049,888,603,7770,811,557,7796,5522,008,5540,9989,2
P3-R01	6[2|7],002,020,5500,6678,685,537,7772,066,5588,013[,?]244,450[,?]010,110[2|7],446,
P3-R02	405,113[,?]489,026,055,2331118,831,802,5568,1155,1158,41,24929,22,45112
P3-R03	122,153946,557,63885,122,550988244528,1002202,33775,1653
P3-R04	3005714,771,33914,12273,770,113095,199[,?]550319394,024,223902
P3-R05	9357,566,550,8835,5911,4002,31502,[8|9]79971,304010755,057776,
P3-R06	114,050558,19205,61461406084,344331,335,4467,534,224453
P3-R07	3734888,2770,3355,998,22,114,0565194447,6661,12457923,
P3-R08	2233,9527,83,12248877,535000975,02128,16[0|6],2249,144,669622
P3-R09	51,5337,83010775030,188[22|222]7222[6|9]2225977105738,707155,
P3-R10	748,948,003,556,621,09444,3331953,966,08,355[2|9]47244010909
P3-R11	96[6|8]423,5522,443,58507778,199[,?]1015,33005714,771,336,8802
P3-R12	7731503[,?]88[,?]49888,2069,066024,144,785,302776,083357,2295,905557
P3-R13	6604,344,6642199,11033530[0|6],166,224,4336,344901,1558675437425
P3-R14	51985,77,906,57344,30955[0|6]822[,?]129709,014386,44444,30043002
P3-R15	014226230079408775070994,069386,3886,609888,048,084,301918,
P3-R16	[0|6]66,918040,396887,059122,888,122,348865119,050329114337353,
P3-R17	50[0|6],2259,[6|0]39,6680,335,68[3|8]929,2275,1129,2215,4946,553332247,660
P3-R18	6775,928,121,227438669,1533[,?]19539,6507,65019211,61[0|6]80323447,
P3-R19	83768,3555,666,505133074,055,1467,69[4444|44444],122466,91894,92234974,
P3-R20	856903,004,991,043,962,618,669013039,3329,625333,8437,001,007,
P3-R21	779811638297757,022,7777[6|0]7752,3488,016,006,7779054437248,
P4-R01	5512881,262,407,7700,488,725[,?]7778,8891107,832,3333,673,33219967,
P4-R02	437019,022,1113,1144,5536,022,223,7727,221,667,263,7781,5524,010,022,
P4-R03	5528,481,809,226,5592,7772,066,003,3374,641,5557,013,428,04<G1>,<G2><G3><G4>,4
P4-R04	05,293,1127,1158,3391.
